	S100.8123_S2	S101.8118_S3	S102.8145_S4	S103.8150_S5	S104.8162_S6	S105.8151_S7	S106.8079_S8	S107.8192_S9	S108.8103_S10	S109.8446_S11	S110.8096_S12	S111.8449_S13	S112.8459_S14	S113.8451_S15	S114.8452_S16	S115.8234_S17	S116.8209_S18	S117.8026_S19	S118.8490_S20	S119.8130_S21	S120.8477_S22	S121.8264_S23	S122.8134_S24	S123.8176_S25	S124.8224_S26	S125.8210_S27	S126.8135_S28	S127.8112_S29	S128.8202_S30	S129.8204_S31	S130.8507_S32	S131.8274_S33	S132.8297_S34	S133.8222_S35	S134.8546_S36	S135.8381_S37	S136.8391_S38	S137.8574_S39	S138.8047_S40	S139.8583_S41	S140.8013_S42	S141.8080_S43	S142.8621_S44	S143.8071_S45	S144.8417_S46	S145.8371_S47	S146.8430_S48	S147.8369_S49	S148.8242_S50	S149.8312_S51
S100.8123_S2	0.0	0.09525045419153906	0.07448741240591747	0.09005969374513366	0.08746431352193096	0.07734233065144043	0.05839605502206073	0.06696080975862964	0.06177004931222424	0.09395276407993772	0.07215157020503504	0.07838048274072151	0.07552556449519855	0.11705164806644174	0.08045678691928368	0.0794186348300026	0.09031923176745393	0.07734233065144043	0.07215157020503504	0.06488450558006748	0.09628860628082014	0.06955618998183234	0.08772385154425123	0.07838048274072151	0.0827926291201661	0.059434207111341814	0.09888398650402284	0.0827926291201661	0.08564754736568907	0.06618219569166883	0.07552556449519855	0.09447184012457825	0.09369322605761744	0.06332727744614586	0.07318972229431611	0.0724111082273553	0.06799896184791072	0.11212042564235661	0.06877757591487153	0.14015053205294575	0.09265507396833636	0.08486893329872826	0.0898001557228134	0.08746431352193096	0.07318972229431611	0.0776018686737607	0.08045678691928368	0.1295094731378147	0.059434207111341814	0.11108227355307553
S101.8118_S3	0.09525045419153906	0.0	0.0898001557228134	0.1017389047495458	0.10796781728523229	0.11445626784323903	0.08928107967817285	0.0957695302361796	0.08227355307552557	0.09369322605761744	0.1061510511289904	0.0983649104593823	0.0965481443031404	0.11834933817804308	0.08798338956657151	0.08850246561121204	0.11289903970931742	0.09057876978977421	0.09473137814689853	0.0853880093433688	0.10589151310667012	0.0957695302361796	0.09369322605761744	0.10147936672722555	0.11627303399948093	0.08668569945497015	0.10018167661562419	0.09602906825849987	0.10718920321827148	0.09135738385673502	0.0820140150532053	0.09992213859330391	0.09291461199065663	0.09421230210225798	0.09421230210225798	0.08616662341032962	0.0931741500129769	0.10978458344147418	0.08253309109784583	0.14611990656631196	0.10485336101738904	0.09862444848170257	0.10459382299506878	0.09343368803529717	0.0931741500129769	0.08668569945497015	0.09161692187905528	0.13651699974046197	0.09550999221385933	0.1139371917985985
S102.8145_S4	0.07448741240591747	0.0898001557228134	0.0	0.09187645990137555	0.09239553594601609	0.08746431352193096	0.06644173371398909	0.07137295613807423	0.07189203218271477	0.09525045419153906	0.0724111082273553	0.08331170516480664	0.08097586296392421	0.11212042564235661	0.0827926291201661	0.08383078120944719	0.100960290682585	0.07967817285232287	0.06825849987023098	0.07344926031663639	0.09447184012457825	0.07967817285232287	0.08383078120944719	0.08383078120944719	0.09706722034778095	0.0716324941603945	0.09862444848170257	0.08564754736568907	0.09732675837010121	0.07630417856215936	0.06851803789255126	0.08694523747729042	0.09291461199065663	0.07552556449519855	0.07344926031663639	0.07630417856215936	0.07967817285232287	0.1061510511289904	0.0742278743835972	0.13729561380742278	0.09810537243706204	0.08668569945497015	0.09888398650402284	0.08616662341032962	0.08175447703088502	0.08253309109784583	0.08902154165585258	0.12198287049052686	0.07370879833895666	0.10718920321827148
S103.8150_S5	0.09005969374513366	0.1017389047495458	0.09187645990137555	0.0	0.10381520892810797	0.10044121463794446	0.07474695042823774	0.08590708538800934	0.07967817285232287	0.10147936672722555	0.09628860628082014	0.09473137814689853	0.09810537243706204	0.11056319750843499	0.08850246561121204	0.09161692187905528	0.11237996366467687	0.09265507396833636	0.08383078120944719	0.07137295613807423	0.0965481443031404	0.08590708538800934	0.09421230210225798	0.09369322605761744	0.10900596937451337	0.0794186348300026	0.10329613288346742	0.10277705683882689	0.10459382299506878	0.0872047754996107	0.0898001557228134	0.09161692187905528	0.09291461199065663	0.0853880093433688	0.0957695302361796	0.08045678691928368	0.08850246561121204	0.126914092914612	0.07993771087464313	0.1347002335842201	0.10589151310667012	0.09291461199065663	0.1087464313521931	0.0898001557228134	0.09473137814689853	0.09343368803529717	0.0931741500129769	0.1250973267583701	0.08409031923176745	0.10667012717363093
S104.8162_S6	0.08746431352193096	0.10796781728523229	0.09239553594601609	0.10381520892810797	0.0	0.0983649104593823	0.07734233065144043	0.08434985725408772	0.0827926291201661	0.11082273553075525	0.09109784583441474	0.09888398650402284	0.0965481443031404	0.12717363093693226	0.09265507396833636	0.09473137814689853	0.10667012717363093	0.09732675837010121	0.08850246561121204	0.0827926291201661	0.10848689332987282	0.09005969374513366	0.09940306254866338	0.09109784583441474	0.10329613288346742	0.08253309109784583	0.10952504541915391	0.09239553594601609	0.10459382299506878	0.08512847132104853	0.09291461199065663	0.10563197508434986	0.10381520892810797	0.0853880093433688	0.08954061770049312	0.08824292758889177	0.09161692187905528	0.126914092914612	0.08668569945497015	0.1518297430573579	0.10537243706202959	0.09758629639242149	0.10407474695042823	0.10329613288346742	0.09628860628082014	0.09395276407993772	0.09940306254866338	0.13703607578510252	0.08253309109784583	0.12483778873604984
S105.8151_S7	0.07734233065144043	0.11445626784323903	0.08746431352193096	0.10044121463794446	0.0983649104593823	0.0	0.062029587334544514	0.06540358162470802	0.07370879833895666	0.10848689332987282	0.07734233065144043	0.09343368803529717	0.08486893329872826	0.12639501686997145	0.09447184012457825	0.09187645990137555	0.09602906825849987	0.08357124318712691	0.08045678691928368	0.0768232546067999	0.10926550739683363	0.08149493900856475	0.09602906825849987	0.08616662341032962	0.08902154165585258	0.06929665195951207	0.12016610433428497	0.09265507396833636	0.09239553594601609	0.06670127173630937	0.08902154165585258	0.10848689332987282	0.10822735530755255	0.07786140669608098	0.07838048274072151	0.08486893329872826	0.0794186348300026	0.12924993511549443	0.08331170516480664	0.15260835712431872	0.10978458344147418	0.09109784583441474	0.10485336101738904	0.09940306254866338	0.08564754736568907	0.09213599792369583	0.09862444848170257	0.13521930962886064	0.06410589151310667	0.12302102257980795
S106.8079_S8	0.05839605502206073	0.08928107967817285	0.06644173371398909	0.07474695042823774	0.07734233065144043	0.062029587334544514	0.0	0.040747469504282374	0.04905268621853102	0.08902154165585258	0.059434207111341814	0.06877757591487153	0.06799896184791072	0.0965481443031404	0.07293018427199585	0.06929665195951207	0.08175447703088502	0.06099143524526343	0.054762522709576954	0.04957176226317155	0.08409031923176745	0.05839605502206073	0.06773942382559045	0.06670127173630937	0.07578510251751881	0.04515961588372697	0.08616662341032962	0.0690371139371918	0.0776018686737607	0.04775499610692967	0.060731897222943164	0.08175447703088502	0.07838048274072151	0.05372437062029587	0.05424344666493641	0.060731897222943164	0.05891513106670127	0.10667012717363093	0.0508694523747729	0.12120425642356605	0.08928107967817285	0.07630417856215936	0.08383078120944719	0.07838048274072151	0.06670127173630937	0.0716324941603945	0.0724111082273553	0.11004412146379444	0.04515961588372697	0.09421230210225798
S107.8192_S9	0.06696080975862964	0.0957695302361796	0.07137295613807423	0.08590708538800934	0.08434985725408772	0.06540358162470802	0.040747469504282374	0.0	0.05761744095509992	0.09758629639242149	0.06644173371398909	0.07786140669608098	0.075006488450558	0.1035556709057877	0.08149493900856475	0.08045678691928368	0.0898001557228134	0.07111341811575396	0.06644173371398909	0.05969374513366208	0.09369322605761744	0.06747988580327018	0.07215157020503504	0.07370879833895666	0.08434985725408772	0.05372437062029587	0.09888398650402284	0.0776018686737607	0.08409031923176745	0.05372437062029587	0.06929665195951207	0.08824292758889177	0.08798338956657151	0.06488450558006748	0.05709836491045938	0.0698157280041526	0.06955618998183234	0.11315857773163769	0.06254866337918505	0.13236439138333767	0.0983649104593823	0.08746431352193096	0.09239553594601609	0.08798338956657151	0.07267064624967558	0.07708279262912017	0.08357124318712691	0.11912795224500389	0.052686218531014795	0.10329613288346742
S108.8103_S10	0.06177004931222424	0.08227355307552557	0.07189203218271477	0.07967817285232287	0.0827926291201661	0.07370879833895666	0.04905268621853102	0.05761744095509992	0.0	0.08357124318712691	0.0716324941603945	0.07059434207111341	0.07396833636127692	0.09992213859330391	0.06799896184791072	0.0638463534907864	0.08876200363353232	0.06696080975862964	0.05969374513366208	0.05294575655333506	0.08746431352193096	0.06228912535686478	0.07111341811575396	0.06747988580327018	0.07915909680768232	0.04905268621853102	0.08486893329872826	0.075006488450558	0.0820140150532053	0.05424344666493641	0.06670127173630937	0.08149493900856475	0.07864002076304179	0.056060212821178304	0.06644173371398909	0.05631975084349857	0.05554113677653776	0.10485336101738904	0.057357902932779654	0.12821178302621333	0.08850246561121204	0.0776018686737607	0.08253309109784583	0.0724111082273553	0.06540358162470802	0.07085388009343369	0.07474695042823774	0.11705164806644174	0.05372437062029587	0.09239553594601609
S109.8446_S11	0.09395276407993772	0.09369322605761744	0.09525045419153906	0.10147936672722555	0.11082273553075525	0.10848689332987282	0.08902154165585258	0.09758629639242149	0.08357124318712691	0.0	0.09810537243706204	0.09758629639242149	0.09732675837010121	0.12535686478069036	0.09135738385673502	0.09291461199065663	0.11783026213340254	0.09135738385673502	0.08928107967817285	0.084609395276408	0.10770827926291202	0.09602906825849987	0.1017389047495458	0.10018167661562419	0.11341811575395795	0.08798338956657151	0.11186088762003633	0.10407474695042823	0.10744874124059174	0.09680768232546068	0.09525045419153906	0.1043342849727485	0.0983649104593823	0.09499091616921879	0.1017389047495458	0.08434985725408772	0.0898001557228134	0.12405917466908903	0.0853880093433688	0.15468466130288086	0.10718920321827148	0.09940306254866338	0.10744874124059174	0.09628860628082014	0.09083830781209447	0.09265507396833636	0.09758629639242149	0.13781468985206333	0.09421230210225798	0.11731118608876201
S110.8096_S12	0.07215157020503504	0.1061510511289904	0.0724111082273553	0.09628860628082014	0.09109784583441474	0.07734233065144043	0.059434207111341814	0.06644173371398909	0.0716324941603945	0.09810537243706204	0.0	0.08564754736568907	0.0827926291201661	0.11808980015572282	0.09135738385673502	0.08876200363353232	0.09395276407993772	0.08045678691928368	0.06488450558006748	0.07007526602647288	0.0957695302361796	0.07630417856215936	0.09239553594601609	0.07786140669608098	0.08590708538800934	0.06877757591487153	0.10459382299506878	0.08746431352193096	0.08928107967817285	0.07189203218271477	0.0827926291201661	0.0965481443031404	0.09732675837010121	0.07370879833895666	0.07786140669608098	0.07708279262912017	0.07734233065144043	0.12457825071372956	0.07396833636127692	0.14430314041007009	0.09992213859330391	0.09057876978977421	0.10329613288346742	0.09784583441474176	0.08512847132104853	0.08486893329872826	0.09031923176745393	0.12795224500389307	0.0698157280041526	0.11004412146379444
S111.8449_S13	0.07838048274072151	0.0983649104593823	0.08331170516480664	0.09473137814689853	0.09888398650402284	0.09343368803529717	0.06877757591487153	0.07786140669608098	0.07059434207111341	0.09758629639242149	0.08564754736568907	0.0	0.08902154165585258	0.10926550739683363	0.08824292758889177	0.0872047754996107	0.10329613288346742	0.08357124318712691	0.08253309109784583	0.07215157020503504	0.09265507396833636	0.07734233065144043	0.0898001557228134	0.08772385154425123	0.09525045419153906	0.07293018427199585	0.1035556709057877	0.09109784583441474	0.09031923176745393	0.0776018686737607	0.08227355307552557	0.09291461199065663	0.09213599792369583	0.07993771087464313	0.08305216714248638	0.07604464053983909	0.07734233065144043	0.11731118608876201	0.07293018427199585	0.13703607578510252	0.09888398650402284	0.08902154165585258	0.1017389047495458	0.08902154165585258	0.08876200363353232	0.08123540098624449	0.08253309109784583	0.12535686478069036	0.07656371658447962	0.10485336101738904
S112.8459_S14	0.07552556449519855	0.0965481443031404	0.08097586296392421	0.09810537243706204	0.0965481443031404	0.08486893329872826	0.06799896184791072	0.075006488450558	0.07396833636127692	0.09732675837010121	0.0827926291201661	0.08902154165585258	0.0	0.12146379444588633	0.08746431352193096	0.08694523747729042	0.09784583441474176	0.0801972488969634	0.0776018686737607	0.07604464053983909	0.09758629639242149	0.07812094471840124	0.09057876978977421	0.08746431352193096	0.09499091616921879	0.07318972229431611	0.1043342849727485	0.08928107967817285	0.09213599792369583	0.07111341811575396	0.0768232546067999	0.09628860628082014	0.09758629639242149	0.07708279262912017	0.0801972488969634	0.07526602647287828	0.07604464053983909	0.11549441993252012	0.07578510251751881	0.14352452634310928	0.10018167661562419	0.09031923176745393	0.100960290682585	0.09135738385673502	0.07812094471840124	0.08772385154425123	0.08798338956657151	0.13288346742797819	0.07215157020503504	0.1113418115753958
S113.8451_S15	0.11705164806644174	0.11834933817804308	0.11212042564235661	0.11056319750843499	0.12717363093693226	0.12639501686997145	0.0965481443031404	0.1035556709057877	0.09992213859330391	0.12535686478069036	0.11808980015572282	0.10926550739683363	0.12146379444588633	0.0	0.11237996366467687	0.11497534388787957	0.140410070075266	0.1139371917985985	0.1035556709057877	0.08694523747729042	0.11834933817804308	0.10563197508434986	0.08331170516480664	0.11705164806644174	0.13288346742797819	0.09966260057098365	0.1069296651959512	0.12146379444588633	0.13158577731637686	0.10381520892810797	0.10277705683882689	0.09005969374513366	0.09602906825849987	0.11289903970931742	0.11186088762003633	0.1017389047495458	0.11186088762003633	0.1450817544770309	0.0898001557228134	0.11082273553075525	0.12561640280301065	0.1225019465351674	0.12535686478069036	0.10277705683882689	0.11860887620036335	0.11575395795484038	0.11289903970931742	0.1261354788476512	0.10796781728523229	0.09057876978977421
S114.8452_S16	0.08045678691928368	0.08798338956657151	0.0827926291201661	0.08850246561121204	0.09265507396833636	0.09447184012457825	0.07293018427199585	0.08149493900856475	0.06799896184791072	0.09135738385673502	0.09135738385673502	0.08824292758889177	0.08746431352193096	0.11237996366467687	0.0	0.07474695042823774	0.1017389047495458	0.08253309109784583	0.07578510251751881	0.06799896184791072	0.09992213859330391	0.07734233065144043	0.08824292758889177	0.07838048274072151	0.09888398650402284	0.07293018427199585	0.09732675837010121	0.08486893329872826	0.09447184012457825	0.075006488450558	0.07708279262912017	0.09187645990137555	0.08694523747729042	0.07838048274072151	0.07889955878536206	0.0724111082273553	0.0820140150532053	0.10744874124059174	0.075006488450558	0.13859330391902414	0.09732675837010121	0.08486893329872826	0.08928107967817285	0.0827926291201661	0.08097586296392421	0.08175447703088502	0.08357124318712691	0.12847132104853362	0.07864002076304179	0.10952504541915391
S115.8234_S17	0.0794186348300026	0.08850246561121204	0.08383078120944719	0.09161692187905528	0.09473137814689853	0.09187645990137555	0.06929665195951207	0.08045678691928368	0.0638463534907864	0.09291461199065663	0.08876200363353232	0.0872047754996107	0.08694523747729042	0.11497534388787957	0.07474695042823774	0.0	0.10121982870490527	0.08045678691928368	0.07267064624967558	0.06488450558006748	0.10251751881650661	0.07474695042823774	0.08616662341032962	0.0794186348300026	0.09940306254866338	0.06929665195951207	0.0931741500129769	0.08902154165585258	0.09758629639242149	0.07552556449519855	0.07864002076304179	0.09135738385673502	0.09213599792369583	0.07370879833895666	0.08253309109784583	0.07137295613807423	0.07474695042823774	0.11367765377627823	0.07085388009343369	0.1396314560083052	0.09628860628082014	0.09057876978977421	0.09031923176745393	0.0827926291201661	0.0794186348300026	0.0801972488969634	0.08305216714248638	0.12743316895925252	0.0776018686737607	0.10796781728523229
S116.8209_S18	0.09031923176745393	0.11289903970931742	0.100960290682585	0.11237996366467687	0.10667012717363093	0.09602906825849987	0.08175447703088502	0.0898001557228134	0.08876200363353232	0.11783026213340254	0.09395276407993772	0.10329613288346742	0.09784583441474176	0.140410070075266	0.1017389047495458	0.10121982870490527	0.0	0.09966260057098365	0.0965481443031404	0.09395276407993772	0.1113418115753958	0.09395276407993772	0.10641058915131067	0.0965481443031404	0.10251751881650661	0.08694523747729042	0.12224240851284714	0.09109784583441474	0.1017389047495458	0.08123540098624449	0.09680768232546068	0.12094471840124578	0.11808980015572282	0.09499091616921879	0.08824292758889177	0.09680768232546068	0.09966260057098365	0.13599792369582145	0.09525045419153906	0.16454710615105114	0.11912795224500389	0.10251751881650661	0.11627303399948093	0.10822735530755255	0.09706722034778095	0.09940306254866338	0.0991435245263431	0.1492343628341552	0.08694523747729042	0.13755515182974307
S117.8026_S19	0.07734233065144043	0.09057876978977421	0.07967817285232287	0.09265507396833636	0.09732675837010121	0.08357124318712691	0.06099143524526343	0.07111341811575396	0.06696080975862964	0.09135738385673502	0.08045678691928368	0.08357124318712691	0.0801972488969634	0.1139371917985985	0.08253309109784583	0.08045678691928368	0.09966260057098365	0.0	0.07267064624967558	0.06696080975862964	0.09265507396833636	0.07889955878536206	0.08409031923176745	0.08564754736568907	0.0931741500129769	0.06410589151310667	0.09888398650402284	0.08590708538800934	0.09343368803529717	0.06722034778094992	0.07344926031663639	0.09499091616921879	0.08902154165585258	0.06955618998183234	0.07578510251751881	0.07708279262912017	0.07215157020503504	0.11315857773163769	0.0698157280041526	0.14118868414222682	0.09888398650402284	0.08798338956657151	0.09706722034778095	0.08642616143264989	0.07526602647287828	0.07656371658447962	0.0898001557228134	0.1295094731378147	0.06929665195951207	0.10952504541915391
S118.8490_S20	0.07215157020503504	0.09473137814689853	0.06825849987023098	0.08383078120944719	0.08850246561121204	0.08045678691928368	0.054762522709576954	0.06644173371398909	0.05969374513366208	0.08928107967817285	0.06488450558006748	0.08253309109784583	0.0776018686737607	0.1035556709057877	0.07578510251751881	0.07267064624967558	0.0965481443031404	0.07267064624967558	0.0	0.0612509732675837	0.09109784583441474	0.07007526602647288	0.07630417856215936	0.0768232546067999	0.08746431352193096	0.05683882688813911	0.09473137814689853	0.0827926291201661	0.08876200363353232	0.06099143524526343	0.06722034778094992	0.08409031923176745	0.0853880093433688	0.06644173371398909	0.0716324941603945	0.06670127173630937	0.06955618998183234	0.10848689332987282	0.06514404360238775	0.13080716324941605	0.09213599792369583	0.0853880093433688	0.09499091616921879	0.08071632494160394	0.07111341811575396	0.07812094471840124	0.07889955878536206	0.12224240851284714	0.06670127173630937	0.0965481443031404
S119.8130_S21	0.06488450558006748	0.0853880093433688	0.07344926031663639	0.07137295613807423	0.0827926291201661	0.0768232546067999	0.04957176226317155	0.05969374513366208	0.05294575655333506	0.084609395276408	0.07007526602647288	0.07215157020503504	0.07604464053983909	0.08694523747729042	0.06799896184791072	0.06488450558006748	0.09395276407993772	0.06696080975862964	0.0612509732675837	0.0	0.07812094471840124	0.05917466908902154	0.06696080975862964	0.07007526602647288	0.08642616143264989	0.05424344666493641	0.08175447703088502	0.07708279262912017	0.08097586296392421	0.06099143524526343	0.062029587334544514	0.07059434207111341	0.07137295613807423	0.06021282117830262	0.06955618998183234	0.054762522709576954	0.06696080975862964	0.1069296651959512	0.052686218531014795	0.11419672982091876	0.08590708538800934	0.07708279262912017	0.08149493900856475	0.07033480404879315	0.07267064624967558	0.07189203218271477	0.07059434207111341	0.1061510511289904	0.05891513106670127	0.08045678691928368
S120.8477_S22	0.09628860628082014	0.10589151310667012	0.09447184012457825	0.0965481443031404	0.10848689332987282	0.10926550739683363	0.08409031923176745	0.09369322605761744	0.08746431352193096	0.10770827926291202	0.0957695302361796	0.09265507396833636	0.09758629639242149	0.11834933817804308	0.09992213859330391	0.10251751881650661	0.1113418115753958	0.09265507396833636	0.09109784583441474	0.07812094471840124	0.0	0.09005969374513366	0.0983649104593823	0.0957695302361796	0.10848689332987282	0.0872047754996107	0.10589151310667012	0.09966260057098365	0.100960290682585	0.08772385154425123	0.08668569945497015	0.09161692187905528	0.10277705683882689	0.09265507396833636	0.10044121463794446	0.08668569945497015	0.09732675837010121	0.1310667012717363	0.08409031923176745	0.13781468985206333	0.10225798079418635	0.09447184012457825	0.11237996366467687	0.09862444848170257	0.10303659486114716	0.0898001557228134	0.09473137814689853	0.12146379444588633	0.09447184012457825	0.11289903970931742
S121.8264_S23	0.06955618998183234	0.0957695302361796	0.07967817285232287	0.08590708538800934	0.09005969374513366	0.08149493900856475	0.05839605502206073	0.06747988580327018	0.06228912535686478	0.09602906825849987	0.07630417856215936	0.07734233065144043	0.07812094471840124	0.10563197508434986	0.07734233065144043	0.07474695042823774	0.09395276407993772	0.07889955878536206	0.07007526602647288	0.05917466908902154	0.09005969374513366	0.0	0.08305216714248638	0.0716324941603945	0.09161692187905528	0.06099143524526343	0.09369322605761744	0.0853880093433688	0.08772385154425123	0.06410589151310667	0.07552556449519855	0.08668569945497015	0.08902154165585258	0.06592265766934856	0.0716324941603945	0.06566311964702828	0.07059434207111341	0.11367765377627823	0.06514404360238775	0.13236439138333767	0.0931741500129769	0.08383078120944719	0.0872047754996107	0.08383078120944719	0.0768232546067999	0.07448741240591747	0.0768232546067999	0.12016610433428497	0.06410589151310667	0.10121982870490527
S122.8134_S24	0.08772385154425123	0.09369322605761744	0.08383078120944719	0.09421230210225798	0.09940306254866338	0.09602906825849987	0.06773942382559045	0.07215157020503504	0.07111341811575396	0.1017389047495458	0.09239553594601609	0.0898001557228134	0.09057876978977421	0.08331170516480664	0.08824292758889177	0.08616662341032962	0.10641058915131067	0.08409031923176745	0.07630417856215936	0.06696080975862964	0.0983649104593823	0.08305216714248638	0.0	0.08409031923176745	0.10667012717363093	0.07293018427199585	0.09369322605761744	0.08694523747729042	0.10537243706202959	0.07085388009343369	0.07033480404879315	0.07786140669608098	0.08227355307552557	0.0820140150532053	0.0768232546067999	0.07812094471840124	0.08564754736568907	0.11575395795484038	0.06773942382559045	0.10641058915131067	0.10459382299506878	0.09680768232546068	0.10121982870490527	0.0853880093433688	0.0872047754996107	0.08850246561121204	0.08824292758889177	0.11082273553075525	0.07967817285232287	0.09239553594601609
S123.8176_S25	0.07838048274072151	0.10147936672722555	0.08383078120944719	0.09369322605761744	0.09109784583441474	0.08616662341032962	0.06670127173630937	0.07370879833895666	0.06747988580327018	0.10018167661562419	0.07786140669608098	0.08772385154425123	0.08746431352193096	0.11705164806644174	0.07838048274072151	0.0794186348300026	0.0965481443031404	0.08564754736568907	0.0768232546067999	0.07007526602647288	0.0957695302361796	0.0716324941603945	0.08409031923176745	0.0	0.09888398650402284	0.06722034778094992	0.10044121463794446	0.08331170516480664	0.09291461199065663	0.07448741240591747	0.08383078120944719	0.09602906825849987	0.09732675837010121	0.07578510251751881	0.0820140150532053	0.07396833636127692	0.07734233065144043	0.1199065663119647	0.07552556449519855	0.13755515182974307	0.09940306254866338	0.08331170516480664	0.09447184012457825	0.08746431352193096	0.08149493900856475	0.08123540098624449	0.08616662341032962	0.12639501686997145	0.07344926031663639	0.10952504541915391
S124.8224_S26	0.0827926291201661	0.11627303399948093	0.09706722034778095	0.10900596937451337	0.10329613288346742	0.08902154165585258	0.07578510251751881	0.08434985725408772	0.07915909680768232	0.11341811575395795	0.08590708538800934	0.09525045419153906	0.09499091616921879	0.13288346742797819	0.09888398650402284	0.09940306254866338	0.10251751881650661	0.0931741500129769	0.08746431352193096	0.08642616143264989	0.10848689332987282	0.09161692187905528	0.10667012717363093	0.09888398650402284	0.0	0.07838048274072151	0.11575395795484038	0.09187645990137555	0.09525045419153906	0.08357124318712691	0.09810537243706204	0.11289903970931742	0.11419672982091876	0.08694523747729042	0.09265507396833636	0.09291461199065663	0.08954061770049312	0.13210485336101738	0.08928107967817285	0.159615883726966	0.10952504541915391	0.10121982870490527	0.1087464313521931	0.10329613288346742	0.0931741500129769	0.0991435245263431	0.10303659486114716	0.14222683623150792	0.0794186348300026	0.1295094731378147
S125.8210_S27	0.059434207111341814	0.08668569945497015	0.0716324941603945	0.0794186348300026	0.08253309109784583	0.06929665195951207	0.04515961588372697	0.05372437062029587	0.04905268621853102	0.08798338956657151	0.06877757591487153	0.07293018427199585	0.07318972229431611	0.09966260057098365	0.07293018427199585	0.06929665195951207	0.08694523747729042	0.06410589151310667	0.05683882688813911	0.05424344666493641	0.0872047754996107	0.06099143524526343	0.07293018427199585	0.06722034778094992	0.07838048274072151	0.0	0.08772385154425123	0.07734233065144043	0.0827926291201661	0.053983908642616145	0.06280820140150532	0.08331170516480664	0.0794186348300026	0.054762522709576954	0.059434207111341814	0.06280820140150532	0.06151051128990397	0.1061510511289904	0.056060212821178304	0.1232805606021282	0.08772385154425123	0.07838048274072151	0.0827926291201661	0.07889955878536206	0.06566311964702828	0.06696080975862964	0.0776018686737607	0.11575395795484038	0.04983130028549183	0.09473137814689853
S126.8135_S28	0.09888398650402284	0.10018167661562419	0.09862444848170257	0.10329613288346742	0.10952504541915391	0.12016610433428497	0.08616662341032962	0.09888398650402284	0.08486893329872826	0.11186088762003633	0.10459382299506878	0.1035556709057877	0.1043342849727485	0.1069296651959512	0.09732675837010121	0.0931741500129769	0.12224240851284714	0.09888398650402284	0.09473137814689853	0.08175447703088502	0.10589151310667012	0.09369322605761744	0.09369322605761744	0.10044121463794446	0.11575395795484038	0.08772385154425123	0.0	0.10537243706202959	0.11186088762003633	0.09706722034778095	0.09602906825849987	0.0983649104593823	0.09083830781209447	0.09421230210225798	0.1035556709057877	0.08668569945497015	0.09628860628082014	0.12899039709317414	0.07786140669608098	0.13262392940565793	0.10796781728523229	0.10381520892810797	0.10926550739683363	0.09135738385673502	0.10303659486114716	0.09810537243706204	0.09680768232546068	0.1302880872047755	0.09810537243706204	0.11030365948611472
S127.8112_S29	0.0827926291201661	0.09602906825849987	0.08564754736568907	0.10277705683882689	0.09239553594601609	0.09265507396833636	0.0690371139371918	0.0776018686737607	0.075006488450558	0.10407474695042823	0.08746431352193096	0.09109784583441474	0.08928107967817285	0.12146379444588633	0.08486893329872826	0.08902154165585258	0.09109784583441474	0.08590708538800934	0.0827926291201661	0.07708279262912017	0.09966260057098365	0.0853880093433688	0.08694523747729042	0.08331170516480664	0.09187645990137555	0.07734233065144043	0.10537243706202959	0.0	0.09421230210225798	0.07318972229431611	0.07838048274072151	0.10199844277186608	0.10225798079418635	0.08694523747729042	0.07812094471840124	0.084609395276408	0.08486893329872826	0.1165325720218012	0.07889955878536206	0.14456267843239035	0.10277705683882689	0.08512847132104853	0.10303659486114716	0.09602906825849987	0.08798338956657151	0.07993771087464313	0.08850246561121204	0.12976901116013495	0.08149493900856475	0.1165325720218012
S128.8202_S30	0.08564754736568907	0.10718920321827148	0.09732675837010121	0.10459382299506878	0.10459382299506878	0.09239553594601609	0.0776018686737607	0.08409031923176745	0.0820140150532053	0.10744874124059174	0.08928107967817285	0.09031923176745393	0.09213599792369583	0.13158577731637686	0.09447184012457825	0.09758629639242149	0.1017389047495458	0.09343368803529717	0.08876200363353232	0.08097586296392421	0.100960290682585	0.08772385154425123	0.10537243706202959	0.09291461199065663	0.09525045419153906	0.0827926291201661	0.11186088762003633	0.09421230210225798	0.0	0.0827926291201661	0.09057876978977421	0.10641058915131067	0.1061510511289904	0.08772385154425123	0.09135738385673502	0.0853880093433688	0.08876200363353232	0.1276927069815728	0.08590708538800934	0.15416558525824034	0.1061510511289904	0.0931741500129769	0.11056319750843499	0.10044121463794446	0.09395276407993772	0.08954061770049312	0.09291461199065663	0.13729561380742278	0.08227355307552557	0.1199065663119647
S129.8204_S31	0.06618219569166883	0.09135738385673502	0.07630417856215936	0.0872047754996107	0.08512847132104853	0.06670127173630937	0.04775499610692967	0.05372437062029587	0.05424344666493641	0.09680768232546068	0.07189203218271477	0.0776018686737607	0.07111341811575396	0.10381520892810797	0.075006488450558	0.07552556449519855	0.08123540098624449	0.06722034778094992	0.06099143524526343	0.06099143524526343	0.08772385154425123	0.06410589151310667	0.07085388009343369	0.07448741240591747	0.08357124318712691	0.053983908642616145	0.09706722034778095	0.07318972229431611	0.0827926291201661	0.0	0.06488450558006748	0.08902154165585258	0.08824292758889177	0.06462496755774721	0.05839605502206073	0.06747988580327018	0.06462496755774721	0.10459382299506878	0.06747988580327018	0.13054762522709576	0.09343368803529717	0.07993771087464313	0.09161692187905528	0.08616662341032962	0.06722034778094992	0.07474695042823774	0.08071632494160394	0.11834933817804308	0.054502984687256686	0.10199844277186608
S130.8507_S32	0.07552556449519855	0.0820140150532053	0.06851803789255126	0.0898001557228134	0.09291461199065663	0.08902154165585258	0.060731897222943164	0.06929665195951207	0.06670127173630937	0.09525045419153906	0.0827926291201661	0.08227355307552557	0.0768232546067999	0.10277705683882689	0.07708279262912017	0.07864002076304179	0.09680768232546068	0.07344926031663639	0.06722034778094992	0.062029587334544514	0.08668569945497015	0.07552556449519855	0.07033480404879315	0.08383078120944719	0.09810537243706204	0.06280820140150532	0.09602906825849987	0.07838048274072151	0.09057876978977421	0.06488450558006748	0.0	0.08331170516480664	0.08409031923176745	0.07033480404879315	0.06254866337918505	0.0716324941603945	0.07656371658447962	0.09213599792369583	0.06851803789255126	0.126914092914612	0.09758629639242149	0.09031923176745393	0.09525045419153906	0.08512847132104853	0.07344926031663639	0.08045678691928368	0.08486893329872826	0.12457825071372956	0.0690371139371918	0.09732675837010121
S131.8274_S33	0.09447184012457825	0.09992213859330391	0.08694523747729042	0.09161692187905528	0.10563197508434986	0.10848689332987282	0.08175447703088502	0.08824292758889177	0.08149493900856475	0.1043342849727485	0.0965481443031404	0.09291461199065663	0.09628860628082014	0.09005969374513366	0.09187645990137555	0.09135738385673502	0.12094471840124578	0.09499091616921879	0.08409031923176745	0.07059434207111341	0.09161692187905528	0.08668569945497015	0.07786140669608098	0.09602906825849987	0.11289903970931742	0.08331170516480664	0.0983649104593823	0.10199844277186608	0.10641058915131067	0.08902154165585258	0.08331170516480664	0.0	0.08694523747729042	0.09083830781209447	0.09602906825849987	0.0827926291201661	0.09187645990137555	0.12873085907085388	0.07085388009343369	0.11419672982091876	0.10303659486114716	0.10199844277186608	0.10485336101738904	0.08850246561121204	0.09706722034778095	0.09421230210225798	0.09239553594601609	0.1113418115753958	0.09057876978977421	0.09031923176745393
S132.8297_S34	0.09369322605761744	0.09291461199065663	0.09291461199065663	0.09291461199065663	0.10381520892810797	0.10822735530755255	0.07838048274072151	0.08798338956657151	0.07864002076304179	0.0983649104593823	0.09732675837010121	0.09213599792369583	0.09758629639242149	0.09602906825849987	0.08694523747729042	0.09213599792369583	0.11808980015572282	0.08902154165585258	0.0853880093433688	0.07137295613807423	0.10277705683882689	0.08902154165585258	0.08227355307552557	0.09732675837010121	0.11419672982091876	0.0794186348300026	0.09083830781209447	0.10225798079418635	0.1061510511289904	0.08824292758889177	0.08409031923176745	0.08694523747729042	0.0	0.08954061770049312	0.09213599792369583	0.08045678691928368	0.08954061770049312	0.12016610433428497	0.07215157020503504	0.1258759408253309	0.10381520892810797	0.0991435245263431	0.10459382299506878	0.08876200363353232	0.09473137814689853	0.09447184012457825	0.08954061770049312	0.12405917466908903	0.08876200363353232	0.09525045419153906
S133.8222_S35	0.06332727744614586	0.09421230210225798	0.07552556449519855	0.0853880093433688	0.0853880093433688	0.07786140669608098	0.05372437062029587	0.06488450558006748	0.056060212821178304	0.09499091616921879	0.07370879833895666	0.07993771087464313	0.07708279262912017	0.11289903970931742	0.07838048274072151	0.07370879833895666	0.09499091616921879	0.06955618998183234	0.06644173371398909	0.06021282117830262	0.09265507396833636	0.06592265766934856	0.0820140150532053	0.07578510251751881	0.08694523747729042	0.054762522709576954	0.09421230210225798	0.08694523747729042	0.08772385154425123	0.06462496755774721	0.07033480404879315	0.09083830781209447	0.08954061770049312	0.0	0.07111341811575396	0.06773942382559045	0.07007526602647288	0.10848689332987282	0.06722034778094992	0.13755515182974307	0.09473137814689853	0.0853880093433688	0.08668569945497015	0.08383078120944719	0.07059434207111341	0.07656371658447962	0.08305216714248638	0.12535686478069036	0.057357902932779654	0.1069296651959512
S134.8546_S36	0.07318972229431611	0.09421230210225798	0.07344926031663639	0.0957695302361796	0.08954061770049312	0.07838048274072151	0.05424344666493641	0.05709836491045938	0.06644173371398909	0.1017389047495458	0.07786140669608098	0.08305216714248638	0.0801972488969634	0.11186088762003633	0.07889955878536206	0.08253309109784583	0.08824292758889177	0.07578510251751881	0.0716324941603945	0.06955618998183234	0.10044121463794446	0.0716324941603945	0.0768232546067999	0.0820140150532053	0.09265507396833636	0.059434207111341814	0.1035556709057877	0.07812094471840124	0.09135738385673502	0.05839605502206073	0.06254866337918505	0.09602906825849987	0.09213599792369583	0.07111341811575396	0.0	0.07552556449519855	0.07734233065144043	0.1043342849727485	0.07189203218271477	0.1380742278743836	0.09940306254866338	0.09369322605761744	0.09706722034778095	0.09265507396833636	0.07630417856215936	0.08123540098624449	0.08876200363353232	0.12899039709317414	0.06099143524526343	0.11108227355307553
S135.8381_S37	0.0724111082273553	0.08616662341032962	0.07630417856215936	0.08045678691928368	0.08824292758889177	0.08486893329872826	0.060731897222943164	0.0698157280041526	0.05631975084349857	0.08434985725408772	0.07708279262912017	0.07604464053983909	0.07526602647287828	0.1017389047495458	0.0724111082273553	0.07137295613807423	0.09680768232546068	0.07708279262912017	0.06670127173630937	0.054762522709576954	0.08668569945497015	0.06566311964702828	0.07812094471840124	0.07396833636127692	0.09291461199065663	0.06280820140150532	0.08668569945497015	0.084609395276408	0.0853880093433688	0.06747988580327018	0.0716324941603945	0.0827926291201661	0.08045678691928368	0.06773942382559045	0.07552556449519855	0.0	0.07137295613807423	0.11030365948611472	0.06177004931222424	0.12899039709317414	0.09239553594601609	0.07526602647287828	0.08902154165585258	0.07318972229431611	0.07396833636127692	0.07630417856215936	0.07656371658447962	0.11575395795484038	0.06436542953542694	0.09161692187905528
S136.8391_S38	0.06799896184791072	0.0931741500129769	0.07967817285232287	0.08850246561121204	0.09161692187905528	0.0794186348300026	0.05891513106670127	0.06955618998183234	0.05554113677653776	0.0898001557228134	0.07734233065144043	0.07734233065144043	0.07604464053983909	0.11186088762003633	0.0820140150532053	0.07474695042823774	0.09966260057098365	0.07215157020503504	0.06955618998183234	0.06696080975862964	0.09732675837010121	0.07059434207111341	0.08564754736568907	0.07734233065144043	0.08954061770049312	0.06151051128990397	0.09628860628082014	0.08486893329872826	0.08876200363353232	0.06462496755774721	0.07656371658447962	0.09187645990137555	0.08954061770049312	0.07007526602647288	0.07734233065144043	0.07137295613807423	0.0	0.11212042564235661	0.07033480404879315	0.1380742278743836	0.09213599792369583	0.0827926291201661	0.09135738385673502	0.08383078120944719	0.07111341811575396	0.07812094471840124	0.08564754736568907	0.12899039709317414	0.0630677394238256	0.10485336101738904
S137.8574_S39	0.11212042564235661	0.10978458344147418	0.1061510511289904	0.126914092914612	0.126914092914612	0.12924993511549443	0.10667012717363093	0.11315857773163769	0.10485336101738904	0.12405917466908903	0.12457825071372956	0.11731118608876201	0.11549441993252012	0.1450817544770309	0.10744874124059174	0.11367765377627823	0.13599792369582145	0.11315857773163769	0.10848689332987282	0.1069296651959512	0.1310667012717363	0.11367765377627823	0.11575395795484038	0.1199065663119647	0.13210485336101738	0.1061510511289904	0.12899039709317414	0.1165325720218012	0.1276927069815728	0.10459382299506878	0.09213599792369583	0.12873085907085388	0.12016610433428497	0.10848689332987282	0.1043342849727485	0.11030365948611472	0.11212042564235661	0.0	0.10563197508434986	0.16714248637425383	0.13158577731637686	0.12276148455748767	0.12924993511549443	0.12224240851284714	0.11263950168699714	0.1165325720218012	0.12457825071372956	0.16688294835193357	0.11030365948611472	0.14274591227614847
S138.8047_S40	0.06877757591487153	0.08253309109784583	0.0742278743835972	0.07993771087464313	0.08668569945497015	0.08331170516480664	0.0508694523747729	0.06254866337918505	0.057357902932779654	0.0853880093433688	0.07396833636127692	0.07293018427199585	0.07578510251751881	0.0898001557228134	0.075006488450558	0.07085388009343369	0.09525045419153906	0.0698157280041526	0.06514404360238775	0.052686218531014795	0.08409031923176745	0.06514404360238775	0.06773942382559045	0.07552556449519855	0.08928107967817285	0.056060212821178304	0.07786140669608098	0.07889955878536206	0.08590708538800934	0.06747988580327018	0.06851803789255126	0.07085388009343369	0.07215157020503504	0.06722034778094992	0.07189203218271477	0.06177004931222424	0.07033480404879315	0.10563197508434986	0.0	0.11705164806644174	0.09031923176745393	0.08357124318712691	0.08954061770049312	0.07578510251751881	0.075006488450558	0.07267064624967558	0.07552556449519855	0.11056319750843499	0.0638463534907864	0.08798338956657151
